DEFAULT (THE ONLY SOLUTION):
Triangulated:
3.53 0.81 1.87 0.92 -0.53 4.2 
0.0 3.652 1.091 2.008 0.84 4.831 
0.0 0.0 2.711 0.816 2.422 3.022 
0.0 0.0 0.0 2.718 1.774 2.443 
0.0 0.0 -0.0 0.0 3.12 2.196 
Solution: 
0.80697 0.81349 0.35352 0.43964 0.70393 

PARTIAL SELECTION:
Triangulated:
3.53 0.81 1.87 0.92 -0.53 4.2 
0.0 3.652 1.091 2.008 0.84 4.831 
0.0 0.0 2.711 0.816 2.422 3.022 
0.0 0.0 0.0 2.718 1.774 2.443 
0.0 0.0 -0.0 0.0 3.12 2.196 
Solution: 
0.80697 0.81349 0.35352 0.43964 0.70393 

FULL SELECTION:
Triangulated:
-0.53 3.53 0.81 1.87 0.92 4.2 
0.0 13.59 6.77 8.29 5.55 21.0 
0.0 0.0 0.337 -1.372 2.459 1.247 
0.0 0.0 0.0 -21.228 31.103 12.562 
0.0 0.0 0.0 0.0 5.755 4.051 
Solution: 
0.80697 0.81349 0.35352 0.43964 0.70393 

