FULL SELECTION:
Solution: 0.80697 0.81349 0.35352 0.43964 0.70393
Triangulated:
-0.5300 3.5300 0.8100 1.8700 0.9200 4.2000
0.0000 13.5900 6.7700 8.2900 5.5500 21.0000
0.0000 0.0000 0.3366 -1.3717 2.4592 1.2470
0.0000 0.0000 0.0000 -21.2280 31.1029 12.5616
0.0000 0.0000 0.0000 0.0000 5.7554 4.0514
_______________________________________________

PARTIAL SELECTION:
Solution: 0.80697 0.81349 0.35352 0.43964 0.70393
Triangulated:
2.1200 -0.5300 3.5300 0.8100 1.8700 4.2000
0.0000 0.8725 0.7713 -0.8395 2.8155 2.5953
0.0000 0.0000 -3.6677 5.4749 -7.1627 -3.9316
0.0000 0.0000 0.0000 3.3847 -7.0162 -3.4508
0.0000 0.0000 0.0000 0.0000 -12.9007 -9.0812
_______________________________________________

DEFAULT:
Solution: 0.80697 0.81349 0.35352 0.43964 0.70393
Triangulated:
3.5300 0.8100 1.8700 0.9200 -0.5300 4.2000
0.0000 3.6516 1.0908 2.0081 0.8404 4.8306
0.0000 0.0000 2.7106 0.8165 2.4222 3.0223
0.0000 0.0000 0.0000 2.7175 1.7737 2.4433
0.0000 0.0000 -0.0000 0.0000 3.1199 2.1962